1303 496 6678 10 
1038 496 4789 10 
1130 494 9439 10 
1315 492 4126 10 
892 492 4345 10 
9 491 7345 10 
1221 483 7985 10 
858 483 4352 10 
1164 481 9831 10 
1288 464 4952 10 
861 462 8302 10 
412 455 5625 10 
327 451 9792 10 
996 451 8884 10 
1608 446 8351 10 
1376 443 1735 10 
1330 430 5182 10 
1633 425 2206 10 
920 425 6008 10 
1197 419 3468 10 
441 416 2508 10 
968 416 6344 10 
981 413 2566 10 
424 413 997 10 
1134 413 7960 10 
1298 397 3810 10 
1125 395 2299 10 
635 395 4376 10 
1911 393 5467 10 
333 393 926 10 
363 388 4477 10 
785 380 1712 10 
559 380 6031 10 
1578 376 9886 10 
455 375 2759 10 
181 375 9655 10 
238 374 2016 10 
886 374 8638 10 
32 367 6694 10 
421 367 4392 10 
346 349 1909 10 
874 348 7212 10 
483 344 8855 10 
410 340 5855 10 
1485 340 741 10 
637 340 1901 10 
1583 339 3867 10 
449 339 6579 10 
983 337 851 10 
69 337 2682 10 
160 335 9030 10 
723 335 9054 10 
185 335 618 10 
1833 318 4897 10 
1325 318 520 10 
1938 311 2726 10 
1789 311 7385 10 
1121 310 6498 10 
1773 308 3489 10 
1120 308 4098 10 
999 301 7322 10 
1456 286 6221 10 
405 284 1187 10 
1903 283 5954 10 
114 279 7915 10 
525 278 3247 10 
707 275 8110 10 
1040 271 4993 10 
1329 271 9714 10 
1918 271 8825 10 
980 264 4552 10 
292 264 5095 10 
774 264 9439 10 
526 264 5456 10 
1655 264 2027 10 
266 263 2106 10 
544 263 3649 10 
1520 259 2533 10 
426 255 9950 10 
1489 254 4251 10 
51 254 5107 10 
1214 254 3927 10 
1161 240 4875 10 
1279 240 9535 10 
534 235 4957 10 
74 235 9318 10 
470 235 1794 10 
383 229 918 10 
1988 229 4935 10 
862 229 9881 10 
708 222 941 10 
301 222 4074 10 
564 219 4073 10 
577 219 5754 10 
1874 219 4778 10 
623 219 6483 10 
1709 211 6749 10 
988 209 1775 10 
1846 208 529 10 
1523 208 3289 10 
1854 206 4798 10 
606 206 6938 10 
64 205 7744 10 
1865 205 7351 10 
668 205 1985 10 
720 199 601 10 
243 189 9781 10 
579 189 2951 10 
1369 181 6762 10 
608 177 7538 10 
1723 176 619 10 
447 172 4329 10 
399 172 9633 10 
993 171 2922 10 
699 171 6357 10 
365 168 4144 10 
466 158 5958 10 
1434 494 683 9 
305 494 1050 9 
519 487 6652 9 
184 487 7228 9 
1184 483 7376 9 
582 481 615 9 
1908 481 9707 9 
67 481 2693 9 
317 466 7513 9 
1556 466 6648 9 
1430 464 9556 9 
834 455 557 9 
1841 455 2187 9 
644 446 5487 9 
260 438 5182 9 
189 434 5486 9 
1836 434 9886 9 
21 430 4575 9 
1687 430 1188 9 
458 416 9740 9 
494 414 5869 9 
1353 414 9207 9 
367 413 8763 9 
451 398 1581 9 
88 398 3221 9 
1500 395 7326 9 
277 389 2097 9 
1495 389 7497 9 
1472 386 4466 9 
1140 381 9718 9 
373 381 8547 9 
1032 380 917 9 
896 376 4113 9 
1004 376 5554 9 
1626 375 9862 9 
607 374 3734 9 
501 367 4379 9 
926 367 792 9 
1347 364 6443 9 
1285 353 8067 9 
1031 353 6876 9 
188 349 6787 9 
1869 349 2140 9 
935 348 7862 9 
101 348 3200 9 
343 348 4658 9 
143 345 9100 9 
615 345 1911 9 
1323 345 868 9 
919 340 643 9 
1570 337 9490 9 
679 335 2992 9 
27 310 3314 9 
1896 310 2471 9 
1183 310 1738 9 
168 310 7150 9 
1670 310 6351 9 
990 310 2856 9 
647 308 3172 9 
1870 308 3735 9 
1326 306 8698 9 
472 306 2022 9 
965 297 4329 9 
1098 292 5141 9 
1922 290 5866 9 
1300 290 4041 9 
719 279 5192 9 
1831 279 6249 9 
1327 278 715 9 
1613 275 8343 9 
1872 275 6149 9 
1316 271 9275 9 
1753 271 4826 9 
1565 264 4187 9 
1810 264 2868 9 
1116 263 5321 9 
698 263 6782 9 
1781 255 7991 9 
1255 254 9846 9 
110 254 5558 9 
1263 254 9892 9 
66 249 4756 9 
839 249 3362 9 
1555 247 739 9 
730 247 7236 9 
1933 247 4078 9 
461 243 6003 9 
1720 240 9556 9 
520 233 2584 9 
1480 233 4150 9 
1210 229 3850 9 
882 229 3085 9 
949 229 8511 9 
1926 219 9178 9 
1772 219 1780 9 
416 211 7726 9 
1400 209 1568 9 
1639 209 4134 9 
721 208 2507 9 
1111 208 5869 9 
1540 208 7098 9 
386 208 5105 9 
54 208 1507 9 
111 205 7125 9 
527 202 8699 9 
452 202 2760 9 
1021 199 734 9 
536 199 989 9 
1732 199 5314 9 
1035 199 703 9 
1931 199 8559 9 
1114 178 8085 9 
162 176 4929 9 
507 176 9837 9 
958 176 5284 9 
1148 176 9709 9 
932 176 6130 9 
201 168 4174 9 
756 168 5120 9 
1822 168 7489 9 
1649 164 8391 9 
1177 158 5001 9 
982 496 5203 8 
427 496 5574 8 
1852 496 1645 8 
246 494 828 8 
1389 494 4119 8 
1231 491 4540 8 
1237 487 5678 8 
1383 487 1881 8 
6 487 5672 8 
209 481 543 8 
1730 481 5918 8 
1196 466 7501 8 
1345 464 4883 8 
975 451 3790 8 
966 446 7264 8 
1621 443 9833 8 
1653 432 5529 8 
630 430 5814 8 
1247 430 1850 8 
1955 419 9471 8 
491 419 842 8 
799 419 2894 8 
45 416 7677 8 
1368 416 1031 8 
634 416 6148 8 
1037 416 5142 8 
39 416 8061 8 
1811 414 4931 8 
1282 413 5423 8 
1589 398 522 8 
689 397 7834 8 
1719 395 6039 8 
1656 393 6879 8 
1614 393 5817 8 
894 393 1745 8 
169 393 7922 8 
890 389 6241 8 
1058 389 3607 8 
1498 388 7509 8 
1700 386 5852 8 
35 386 1867 8 
991 382 1542 8 
264 381 4813 8 
1217 381 6298 8 
1669 380 623 8 
995 376 954 8 
1885 375 3919 8 
1453 374 6469 8 
1129 367 1066 8 
1477 361 9542 8 
1076 353 3811 8 
1514 349 9631 8 
468 349 3038 8 
1226 349 8764 8 
665 349 4739 8 
1022 348 6984 8 
1270 345 5833 8 
569 344 2476 8 
987 343 6764 8 
1219 343 8742 8 
1754 339 6855 8 
357 335 3009 8 
1829 335 1070 8 
841 335 5746 8 
1998 311 2661 8 
1117 311 856 8 
1334 311 9726 8 
415 310 526 8 
1417 310 8281 8 
1994 310 5094 8 
1757 308 4563 8 
342 308 7425 8 
826 308 845 8 
817 306 9243 8 
202 301 2302 8 
442 297 6920 8 
1796 297 4564 8 
549 292 4835 8 
933 290 7435 8 
420 290 1197 8 
1981 290 4792 8 
1423 286 9169 8 
605 286 5054 8 
1338 284 7372 8 
1935 283 5642 8 
803 283 4465 8 
430 283 9233 8 
397 279 8109 8 
1939 279 4205 8 
587 279 3628 8 
612 275 3614 8 
666 275 7232 8 
155 275 2753 8 
1537 271 9418 8 
31 264 7414 8 
1898 264 2729 8 
1015 264 1696 8 
1008 263 7567 8 
294 259 7705 8 
239 259 4732 8 
1402 259 607 8 
912 254 8316 8 
288 254 6100 8 
1420 247 7116 8 
1645 243 9257 8 
1977 243 1466 8 
1266 243 961 8 
436 243 745 8 
1468 243 8676 8 
1340 240 846 8 
1216 240 1184 8 
1786 235 8408 8 
315 235 9071 8 
384 235 1736 8 
872 229 824 8 
423 229 6218 8 
1273 211 9890 8 
1206 209 8112 8 
471 209 704 8 
1600 209 5169 8 
1471 208 3534 8 
1110 208 5704 8 
77 208 6818 8 
893 208 6221 8 
776 206 7913 8 
1457 205 4010 8 
763 205 9530 8 
1449 202 2450 8 
1213 199 2826 8 
1567 189 4655 8 
1295 178 9832 8 
963 178 5633 8 
888 177 7721 8 
1025 177 1024 8 
340 177 5417 8 
906 172 6673 8 
71 172 2245 8 
81 496 6908 7 
985 494 2401 7 
17 491 4231 7 
808 491 2129 7 
156 487 9578 7 
325 487 5046 7 
29 487 7825 7 
1651 487 1973 7 
1643 483 3281 7 
833 483 8720 7 
1142 483 9104 7 
1232 483 1281 7 
1575 483 7660 7 
398 481 1990 7 
1190 466 8050 7 
182 466 8198 7 
1517 464 9723 7 
235 464 4357 7 
1638 464 5445 7 
1397 455 3546 7 
118 451 6046 7 
705 450 6692 7 
1828 446 6322 7 
1857 446 7283 7 
1798 443 738 7 
1947 443 3436 7 
1862 438 1473 7 
1619 438 8036 7 
678 434 9619 7 
827 434 6585 7 
1102 434 9582 7 
1795 425 7474 7 
1851 416 3716 7 
696 414 2546 7 
620 414 4751 7 
1289 413 931 7 
1375 395 890 7 
1711 395 6391 7 
19 395 8209 7 
303 395 5331 7 
1333 395 7164 7 
52 395 4654 7 
372 395 9933 7 
1371 395 5404 7 
492 389 7926 7 
1169 389 9265 7 
1052 388 667 7 
1648 382 1719 7 
743 382 8902 7 
1744 381 6740 7 
651 376 586 7 
850 375 7312 7 
1207 374 5247 7 
267 374 745 7 
1191 367 3425 7 
791 361 7121 7 
1091 361 3969 7 
1890 361 9083 7 
1812 349 6582 7 
523 348 7208 7 
1571 348 8406 7 
1105 345 9110 7 
804 345 5730 7 
542 344 717 7 
1971 343 2529 7 
667 340 2996 7 
46 337 764 7 
387 335 7171 7 
1859 329 1634 7 
1392 320 8898 7 
351 318 856 7 
1390 318 9881 7 
175 318 2104 7 
1849 318 7493 7 
1667 311 3537 7 
1242 306 5838 7 
1686 306 7761 7 
1192 301 909 7 
1972 297 644 7 
311 292 6740 7 
505 292 9534 7 
63 290 7761 7 
1496 286 699 7 
261 286 9720 7 
1342 284 9029 7 
1794 284 7729 7 
875 283 4077 7 
1479 279 4474 7 
1881 275 7430 7 
1442 272 2285 7 
681 272 3401 7 
1159 271 2704 7 
1747 271 849 7 
733 271 9579 7 
149 264 3283 7 
842 264 2847 7 
1312 263 5432 7 
1883 263 8800 7 
278 259 9600 7 
225 254 8004 7 
1175 247 9064 7 
915 243 2728 7 
1357 240 624 7 
229 240 4233 7 
1698 233 3113 7 
835 233 600 7 
20 222 7976 7 
140 222 1076 7 
1271 219 3105 7 
1061 219 3847 7 
546 211 2060 7 
1445 211 4832 7 
751 209 1463 7 
378 209 9735 7 
590 209 1576 7 
456 208 8541 7 
444 208 6119 7 
1084 206 2417 7 
786 206 9765 7 
1533 205 2578 7 
1815 205 3305 7 
1636 202 4176 7 
1877 189 2481 7 
1274 178 4168 7 
1858 178 8827 7 
42 177 5708 7 
613 177 6841 7 
319 172 8013 7 
122 168 2180 7 
914 168 7391 7 
1067 164 5529 7 
1432 492 4897 6 
1925 491 1724 6 
321 491 1382 6 
626 487 8569 6 
574 487 7369 6 
275 481 9573 6 
670 466 9009 6 
1968 464 2879 6 
1552 464 641 6 
36 464 7477 6 
656 455 4052 6 
1391 451 3905 6 
1396 446 5802 6 
41 443 3049 6 
1985 443 8257 6 
1451 443 9783 6 
198 438 4913 6 
986 434 6882 6 
1937 432 5941 6 
897 432 2101 6 
1166 425 8055 6 
801 419 3959 6 
910 416 4497 6 
435 416 1898 6 
806 413 6208 6 
1466 395 7280 6 
750 395 2417 6 
1450 393 2094 6 
1598 389 4406 6 
1587 389 9631 6 
938 388 1768 6 
640 382 1074 6 
329 382 8597 6 
1604 382 9803 6 
1726 381 9188 6 
1385 381 5667 6 
1659 380 6055 6 
1863 380 5628 6 
1803 380 3467 6 
1317 376 2932 6 
377 375 2996 6 
338 375 712 6 
790 367 1373 6 
1802 367 6474 6 
672 361 9718 6 
717 361 750 6 
794 353 4107 6 
811 353 2009 6 
193 349 5459 6 
1850 345 2877 6 
1097 345 2380 6 
179 345 1928 6 
1996 344 7822 6 
72 343 6381 6 
339 343 822 6 
330 339 9559 6 
1688 337 4112 6 
1582 335 8307 6 
724 335 4885 6 
1524 335 4263 6 
1943 320 1897 6 
231 318 8534 6 
23 318 4654 6 
889 311 3848 6 
1202 311 4638 6 
891 311 8335 6 
959 311 8169 6 
1123 311 2233 6 
1932 301 3754 6 
1460 297 4197 6 
1673 297 1414 6 
518 290 5453 6 
1936 290 6514 6 
1986 290 841 6 
1299 286 5589 6 
257 286 7217 6 
658 284 2395 6 
1254 284 6475 6 
554 284 2123 6 
403 284 5478 6 
641 279 8632 6 
1535 278 8434 6 
516 278 1906 6 
594 278 7673 6 
1009 275 7610 6 
1894 275 3501 6 
1816 275 1397 6 
1588 272 7772 6 
1800 271 5239 6 
196 271 1124 6 
592 271 9161 6 
960 264 6577 6 
1991 263 8693 6 
866 263 5486 6 
1576 259 6622 6 
1961 259 709 6 
1328 255 6197 6 
820 254 9541 6 
824 254 3571 6 
1855 249 6568 6 
1665 247 939 6 
942 247 6594 6 
1286 243 1300 6 
1087 240 2500 6 
48 240 3458 6 
1905 235 8298 6 
173 235 7189 6 
950 233 1691 6 
816 233 9977 6 
1 233 6698 6 
1193 222 759 6 
324 219 6659 6 
550 211 6349 6 
166 211 2782 6 
1573 209 754 6 
139 208 5422 6 
476 205 6650 6 
1341 199 7706 6 
1543 199 4172 6 
1632 189 9828 6 
1727 189 947 6 
939 189 1621 6 
1475 181 4079 6 
323 181 4263 6 
78 177 8086 6 
1349 176 9851 6 
1174 172 3846 6 
106 172 6646 6 
1609 172 727 6 
1920 171 1364 6 
954 168 9659 6 
1152 164 8938 6 
1264 496 2740 5 
1683 494 7069 5 
1007 494 8804 5 
971 491 6273 5 
952 487 4598 5 
1702 487 2329 5 
1706 487 6932 5 
1253 483 9021 5 
1109 483 5495 5 
1267 483 3934 5 
617 481 1923 5 
228 464 5901 5 
1629 462 989 5 
1132 462 2271 5 
953 451 7238 5 
1149 451 8895 5 
1296 451 7318 5 
394 450 2047 5 
1958 450 956 5 
474 446 7886 5 
539 443 2788 5 
335 443 6014 5 
285 432 6321 5 
1331 430 5279 5 
402 430 6648 5 
849 419 5455 5 
1137 416 3597 5 
1717 416 2100 5 
830 414 2435 5 
90 397 4654 5 
307 397 8172 5 
413 395 3163 5 
547 389 9526 5 
265 389 6018 5 
234 389 2366 5 
1204 388 2837 5 
602 388 651 5 
614 386 2492 5 
68 386 7675 5 
1055 386 7402 5 
396 382 4920 5 
1738 380 3143 5 
1579 376 2003 5 
395 376 6577 5 
1729 376 4321 5 
1867 376 8222 5 
1367 376 2314 5 
1564 375 5959 5 
655 375 8265 5 
1953 374 3513 5 
212 367 7343 5 
1884 367 3603 5 
810 364 2248 5 
306 364 7260 5 
1528 364 4124 5 
217 353 8993 5 
759 349 4318 5 
537 345 5336 5 
880 345 5578 5 
1308 345 2277 5 
1974 344 7243 5 
1246 343 7123 5 
199 343 3197 5 
669 340 8348 5 
489 339 754 5 
595 335 7698 5 
918 335 7453 5 
557 335 576 5 
283 320 5822 5 
1001 311 935 5 
1306 310 9938 5 
428 306 709 5 
911 306 7699 5 
369 306 4251 5 
770 306 7470 5 
1127 297 1075 5 
1063 292 3556 5 
979 290 9883 5 
1461 286 890 5 
382 284 6539 5 
927 284 1917 5 
1844 283 5319 5 
1195 279 2246 5 
1439 279 1426 5 
562 278 2402 5 
473 278 4569 5 
1436 278 1783 5 
736 275 7207 5 
1956 275 2093 5 
1469 272 7192 5 
1404 272 4427 5 
1499 272 4096 5 
1623 272 6492 5 
108 271 8893 5 
869 271 1239 5 
581 263 3584 5 
876 263 8598 5 
807 259 862 5 
1044 255 5161 5 
409 247 7957 5 
1531 247 8455 5 
610 240 6294 5 
1519 240 1408 5 
1170 240 4056 5 
873 235 7585 5 
1693 222 2884 5 
24 219 3198 5 
1809 219 2479 5 
14 211 870 5 
109 211 6981 5 
1150 209 2551 5 
381 208 5526 5 
256 208 6527 5 
1352 202 785 5 
28 199 6900 5 
583 199 520 5 
515 199 4747 5 
163 189 4345 5 
1010 181 8974 5 
823 181 4505 5 
697 181 7637 5 
1879 178 5656 5 
102 178 725 5 
962 178 3795 5 
218 178 836 5 
1641 178 1578 5 
908 176 7103 5 
359 172 5045 5 
1635 172 3121 5 
1491 496 6408 4 
1768 494 2366 4 
1960 494 2152 4 
1056 494 4238 4 
1622 492 2559 4 
747 492 8123 4 
1492 492 1439 4 
1124 491 1163 4 
706 491 2067 4 
1541 491 6823 4 
1799 487 5102 4 
604 483 2551 4 
1980 483 8998 4 
1891 466 4095 4 
538 466 1715 4 
1696 462 4584 4 
1814 462 2464 4 
1901 455 2316 4 
464 451 1153 4 
1731 450 7081 4 
765 450 3095 4 
771 450 6119 4 
308 446 4551 4 
628 446 2454 4 
1793 438 9329 4 
203 434 8444 4 
1030 432 3212 4 
1099 432 9296 4 
136 432 5299 4 
815 430 8380 4 
1521 425 9660 4 
1220 419 6002 4 
901 416 7284 4 
1924 416 892 4 
522 416 6095 4 
1506 416 3571 4 
1071 414 655 4 
1003 414 2343 4 
1657 413 5497 4 
115 413 6751 4 
684 398 9546 4 
1907 398 9538 4 
1043 397 7486 4 
1020 397 8291 4 
1510 397 8684 4 
1238 395 7148 4 
1592 389 1227 4 
1322 389 6818 4 
1427 388 2436 4 
1377 386 8068 4 
1584 376 3198 4 
625 375 4112 4 
1272 375 6413 4 
124 367 4521 4 
284 361 9492 4 
1736 361 6090 4 
1339 349 2622 4 
1680 349 9842 4 
248 349 4153 4 
1336 349 2230 4 
832 344 9319 4 
1813 340 9812 4 
1490 340 3713 4 
1100 340 7607 4 
336 339 9985 4 
1742 339 8869 4 
1548 337 5171 4 
65 337 9075 4 
1634 335 8817 4 
1904 335 5876 4 
947 329 3567 4 
535 320 4739 4 
734 311 4346 4 
291 311 3457 4 
742 310 3732 4 
1440 308 4240 4 
1176 306 1724 4 
271 297 8239 4 
1797 286 914 4 
1042 286 6894 4 
1448 286 905 4 
1769 284 9779 4 
1234 284 4477 4 
1403 284 1465 4 
934 283 3719 4 
259 279 2190 4 
1999 279 630 4 
1650 279 8266 4 
1301 271 3343 4 
1602 271 7554 4 
561 264 2349 4 
1880 263 8489 4 
1783 255 7567 4 
752 255 5258 4 
56 255 1509 4 
1378 254 5895 4 
1597 254 9494 4 
280 249 9458 4 
585 247 8631 4 
1481 243 8624 4 
227 243 1543 4 
1705 243 3750 4 
694 240 808 4 
287 240 986 4 
779 235 682 4 
974 235 7332 4 
745 235 8637 4 
1002 233 899 4 
917 222 9112 4 
1561 219 2680 4 
972 211 9359 4 
439 209 5237 4 
250 206 4639 4 
1697 205 3881 4 
1927 205 4502 4 
1755 205 1184 4 
727 202 2402 4 
58 199 2933 4 
1483 199 7728 4 
1179 199 1746 4 
1319 189 6153 4 
431 189 2119 4 
187 181 5943 4 
1463 181 9144 4 
207 178 4125 4 
107 177 1742 4 
1724 177 5523 4 
1549 176 687 4 
1666 172 3544 4 
1484 168 9222 4 
1380 168 6147 4 
978 168 5212 4 
895 164 8121 4 
25 164 6500 4 
1443 158 4398 4 
126 158 8466 4 
1198 496 9766 3 
853 492 2818 3 
1407 483 1501 3 
1228 483 5941 3 
170 483 7529 3 
1393 455 9489 3 
1033 455 8711 3 
772 451 709 3 
1984 451 6988 3 
1023 450 3662 3 
1532 446 3572 3 
134 446 4438 3 
152 446 602 3 
1942 443 1564 3 
362 438 7263 3 
793 438 2601 3 
215 434 901 3 
548 432 3690 3 
584 425 6585 3 
540 419 952 3 
943 416 5448 3 
784 414 1052 3 
1171 414 3973 3 
1199 413 1073 3 
302 398 531 3 
1752 397 4637 3 
1509 397 1655 3 
1675 395 4016 3 
1045 395 1030 3 
22 395 8691 3 
1690 395 3881 3 
1899 393 5222 3 
272 389 1635 3 
792 388 5202 3 
103 388 1418 3 
1560 388 3486 3 
1593 382 7807 3 
1421 376 5667 3 
1062 376 8145 3 
653 375 6260 3 
1766 374 6576 3 
662 367 3368 3 
1011 367 1083 3 
26 367 2720 3 
313 364 8846 3 
1314 361 9448 3 
1714 361 7322 3 
1929 361 8482 3 
183 361 8582 3 
1791 353 2532 3 
1104 353 3804 3 
1912 349 626 3 
923 349 4572 3 
1476 348 5472 3 
1825 348 5368 3 
1741 345 7560 3 
1788 343 9402 3 
1574 339 4333 3 
422 337 7683 3 
1086 337 2941 3 
1128 337 2409 3 
1671 337 556 3 
328 335 3574 3 
1419 335 643 3 
73 320 2495 3 
812 311 9842 3 
1889 311 7157 3 
1756 311 6841 3 
1200 310 4029 3 
836 308 6654 3 
448 308 7109 3 
481 306 3754 3 
443 306 3603 3 
197 306 2928 3 
1842 306 522 3 
787 297 4876 3 
1381 297 1629 3 
1304 297 6662 3 
783 297 7285 3 
1370 297 4288 3 
1804 292 7110 3 
1305 290 4862 3 
1712 286 6907 3 
296 286 6021 3 
1239 284 5479 3 
859 284 4138 3 
177 284 9516 3 
1718 284 2168 3 
748 283 8332 3 
589 278 3044 3 
601 275 1510 3 
1511 264 8091 3 
1987 264 3844 3 
710 264 2555 3 
123 249 5931 3 
191 247 4178 3 
671 243 6075 3 
82 243 3601 3 
465 243 1424 3 
1155 240 4584 3 
1620 240 8508 3 
117 240 7855 3 
693 235 2811 3 
509 235 4000 3 
159 233 1899 3 
460 233 6564 3 
1283 233 3664 3 
1921 219 8516 3 
1965 219 611 3 
1065 211 7160 3 
1611 208 7653 3 
1470 206 6215 3 
462 206 7313 3 
388 199 7887 3 
1478 189 2612 3 
709 181 4942 3 
1596 178 601 3 
37 177 2519 3 
1083 177 3556 3 
326 176 4629 3 
856 176 9224 3 
969 176 2444 3 
147 176 2255 3 
135 176 7135 3 
973 172 7853 3 
825 172 6083 3 
1018 172 3240 3 
1837 171 5669 3 
91 164 2680 3 
49 164 4061 3 
1293 496 2059 2 
1728 494 7392 2 
881 492 8861 2 
1309 492 2782 2 
1354 491 733 2 
1366 487 801 2 
1236 483 556 2 
245 483 6872 2 
676 481 2324 2 
262 466 4244 2 
664 466 2699 2 
1778 466 1306 2 
1646 464 6785 2 
1848 455 4746 2 
1292 451 4811 2 
768 451 6104 2 
1887 451 7517 2 
390 451 602 2 
192 450 9708 2 
487 446 1722 2 
1487 446 8562 2 
1462 446 9182 2 
475 446 7184 2 
1990 443 5970 2 
38 443 2750 2 
551 438 3185 2 
795 438 5646 2 
1562 438 5156 2 
994 430 7359 2 
1860 425 2856 2 
148 425 6501 2 
1248 425 9601 2 
596 416 2266 2 
1973 416 3540 2 
510 416 6557 2 
167 414 3144 2 
1784 413 9627 2 
1122 413 9734 2 
1284 413 4648 2 
70 398 9359 2 
737 397 8569 2 
716 397 3277 2 
1569 395 6191 2 
1344 395 7867 2 
729 395 2208 2 
344 395 5138 2 
1678 393 5200 2 
1249 393 4436 2 
796 389 9386 2 
683 389 6896 2 
828 389 8322 2 
133 388 614 2 
1763 386 5459 2 
233 386 6635 2 
1790 386 4949 2 
334 382 3236 2 
1278 381 7174 2 
371 381 3436 2 
1957 380 9673 2 
1512 376 7406 2 
92 376 8220 2 
1388 376 2199 2 
496 376 9167 2 
1014 375 1555 2 
242 375 6529 2 
1964 374 4722 2 
15 364 1099 2 
744 364 6806 2 
871 361 3509 2 
1876 353 6761 2 
411 353 7831 2 
1235 353 2522 2 
1725 349 9341 2 
1167 349 5906 2 
322 349 6884 2 
571 348 8962 2 
712 345 7448 2 
798 344 3185 2 
529 344 7509 2 
299 343 1255 2 
1474 340 3768 2 
1915 340 6239 2 
270 340 2284 2 
463 340 4022 2 
86 339 3064 2 
904 335 7241 2 
1515 335 7603 2 
1156 329 1208 2 
1143 320 552 2 
616 318 4368 2 
1398 318 3190 2 
1677 310 2090 2 
1830 310 2564 2 
34 310 4162 2 
477 310 8075 2 
1411 308 5896 2 
1182 306 1989 2 
84 306 5334 2 
1743 301 4361 2 
145 292 4695 2 
598 292 6819 2 
1437 290 2834 2 
1497 286 8611 2 
654 286 3764 2 
1332 283 5081 2 
1412 279 3741 2 
1775 278 5121 2 
1508 275 2397 2 
1807 275 3258 2 
1746 272 9908 2 
1291 271 751 2 
1721 264 9735 2 
558 264 698 2 
459 263 4933 2 
121 254 8258 2 
1658 254 2847 2 
1408 254 7279 2 
1917 254 4519 2 
392 243 7973 2 
663 243 6857 2 
1845 243 1596 2 
1227 240 8626 2 
1591 240 4684 2 
310 235 6601 2 
1713 229 1796 2 
1550 222 2599 2 
570 222 2785 2 
1892 219 2037 2 
629 219 1956 2 
141 209 8752 2 
867 209 8585 2 
414 205 8385 2 
1546 205 8204 2 
1978 202 9255 2 
1871 181 2168 2 
1075 178 7422 2 
1230 172 1288 2 
714 172 3602 2 
1413 168 8918 2 
1930 164 3480 2 
1188 496 6229 1 
62 491 4445 1 
738 491 2123 1 
753 487 5687 1 
900 483 622 1 
921 483 8515 1 
944 483 4510 1 
1913 466 4554 1 
1064 464 3029 1 
984 464 3789 1 
1488 464 6395 1 
252 464 5845 1 
1454 462 9158 1 
1544 455 8099 1 
1131 451 4326 1 
1361 446 1097 1 
1946 446 5036 1 
146 443 5967 1 
1252 438 7545 1 
1817 434 1263 1 
1090 432 6012 1 
1909 432 9982 1 
98 432 6969 1 
648 432 4981 1 
1364 425 1718 1 
1425 419 5130 1 
632 419 526 1 
450 414 4686 1 
467 413 5020 1 
715 413 2917 1 
1823 398 5880 1 
10 398 1771 1 
1507 395 6238 1 
977 395 4099 1 
1624 395 1080 1 
624 393 1513 1 
1310 393 1467 1 
1652 393 7446 1 
1387 388 9023 1 
1012 386 2369 1 
1995 386 3743 1 
1013 381 6736 1 
1073 381 5021 1 
802 380 8936 1 
488 380 9368 1 
249 376 3937 1 
1566 375 4164 1 
659 375 923 1 
104 374 1523 1 
685 364 2708 1 
563 364 7028 1 
493 364 6535 1 
1302 361 6092 1 
863 361 5958 1 
924 361 5314 1 
622 361 2928 1 
673 353 1638 1 
887 353 1456 1 
1446 349 2724 1 
797 349 6164 1 
1050 344 7438 1 
1260 344 7345 1 
1189 343 653 1 
211 337 5366 1 
1962 337 555 1 
1691 337 4528 1 
1145 335 5760 1 
1684 335 5414 1 
1818 329 3352 1 
556 320 2299 1 
112 318 819 1 
746 318 8853 1 
1201 311 1945 1 
1993 311 8312 1 
1612 310 2438 1 
506 310 2773 1 
899 310 3916 1 
533 310 3513 1 
500 308 9607 1 
89 308 899 1 
345 308 6340 1 
773 301 5384 1 
1416 301 2701 1 
609 297 2035 1 
936 297 557 1 
508 292 9241 1 
1586 290 2221 1 
1572 290 3631 1 
642 286 799 1 
1447 286 5733 1 
1458 283 5771 1 
1258 279 6892 1 
341 278 7105 1 
172 275 2550 1 
113 275 7218 1 
639 272 4995 1 
1256 271 9518 1 
691 264 5833 1 
1559 264 9458 1 
1627 259 2818 1 
541 259 1738 1 
1187 259 4646 1 
176 255 8916 1 
1244 255 9746 1 
1136 254 9150 1 
153 254 3961 1 
819 249 4896 1 
998 249 1832 1 
419 249 6711 1 
244 247 3286 1 
1963 247 8863 1 
220 240 9067 1 
568 233 9241 1 
1281 233 9950 1 
83 233 8657 1 
1464 233 5857 1 
913 233 9834 1 
1708 233 774 1 
1542 222 7773 1 
521 211 9825 1 
1970 209 4788 1 
1297 209 4996 1 
331 208 4435 1 
332 208 5400 1 
1399 208 1037 1 
1779 208 1921 1 
1126 206 7659 1 
1902 206 9419 1 
1290 205 5906 1 
1640 205 978 1 
1343 202 6053 1 
290 199 2579 1 
597 189 868 1 
457 177 6612 1 
1146 177 6774 1 
165 176 848 1 
1959 176 8804 1 
1945 176 653 1 
682 176 5185 1 
1157 172 7476 1 
517 168 604 1 
703 168 9346 1 
775 158 1684 1 
761 158 9631 1 
385 158 5929 1 